20130101;20130109;20130109;3;8;8;8;0;0;C100
20130201;20130213;20130213;3;1;12;12;0;0;C101
20130301;20130319;20130321;1;1;18;20;1;2;C102
20130401;20130405;20130408;2;10;4;7;1;3;C103
20130501;20130508;20130508;4;3;7;7;0;0;C104
20130601;20130603;20130605;4;7;2;4;1;2;C105
20130701;20130709;20130709;3;9;8;8;0;0;C106
20130801;20130818;20130820;5;1;17;19;1;2;C107
20130901;20130912;20130912;3;6;11;11;0;0;C108
20131001;20131018;20131018;1;3;17;17;0;0;C109
20131101;20131109;20131109;4;2;8;8;0;0;C110
20131201;20131212;20131212;4;9;11;11;0;0;C111
20120101;20120107;20120107;3;7;6;6;0;0;C112
20120201;20120203;20120204;5;4;2;3;1;1;C113
20120301;20120313;20120316;1;1;12;15;1;3;C114
20120401;20120409;20120411;3;10;8;10;1;2;C115
20120501;20120513;20120514;2;5;12;13;1;1;C116
20120601;20120609;20120610;5;3;8;9;1;1;C117
20120701;20120716;20120716;2;7;15;15;0;0;C118
20120801;20120805;20120805;1;6;4;4;0;0;C119
20120901;20120905;20120908;2;4;4;7;1;3;C120
20121001;20121002;20121007;4;2;1;6;1;5;C121
20121101;20121116;20121118;4;5;15;17;1;2;C122
20121201;20121208;20121208;2;4;7;7;0;0;C123
20130101;20130109;20130109;4;10;8;8;0;0;C100
20130201;20130207;20130207;3;9;6;6;0;0;C101
20130301;20130321;20130321;5;3;20;20;0;0;C102
20130401;20130402;20130402;5;5;1;1;0;0;C103
20130501;20130516;20130518;2;2;15;17;1;2;C104
20130601;20130606;20130608;2;10;5;7;1;2;C105
20130701;20130705;20130705;4;3;4;4;0;0;C106
20130801;20130811;20130811;2;8;10;10;0;0;C107
20130901;20130913;20130914;4;7;12;13;1;1;C108
20131001;20131017;20131018;2;5;16;17;1;1;C109
20131101;20131114;20131117;4;8;13;16;1;3;C110
20131201;20131219;20131220;3;10;18;19;1;1;C111
20120101;20120118;20120120;2;4;17;19;1;2;C112
20120201;20120213;20120213;1;8;12;12;0;0;C113
20120301;20120315;20120315;4;10;14;14;0;0;C114
20120401;20120417;20120417;4;8;16;16;0;0;C115
20120501;20120504;20120504;3;6;3;3;0;0;C116
20120601;20120605;20120606;2;2;4;5;1;1;C117
20120701;20120716;20120716;4;2;15;15;0;0;C118
20120801;20120818;20120818;3;9;17;17;0;0;C119
20120901;20120906;20120906;1;7;5;5;0;0;C120
20121001;20121002;20121002;4;1;1;1;0;0;C121
20121101;20121102;20121104;4;4;1;3;1;2;C122
20121201;20121202;20121203;2;5;1;2;1;1;C123
20130101;20130102;20130103;4;10;1;2;1;1;C100
20130201;20130219;20130219;2;8;18;18;0;0;C101
20130301;20130311;20130311;1;10;10;10;0;0;C102
20130401;20130420;20130420;1;7;19;19;0;0;C103
20130501;20130506;20130507;3;1;5;6;1;1;C104
20130601;20130620;20130620;3;5;19;19;0;0;C105
20130701;20130713;20130713;2;9;12;12;0;0;C106
20130801;20130814;20130817;2;5;13;16;1;3;C107
20130901;20130917;20130918;3;2;16;17;1;1;C108
20131001;20131002;20131002;3;6;1;1;0;0;C109
20131101;20131112;20131112;1;8;11;11;0;0;C110
20131201;20131221;20131222;1;5;20;21;1;1;C111
20120101;20120120;20120121;4;6;19;20;1;1;C112
20120201;20120206;20120207;2;4;5;6;1;1;C113
20120301;20120305;20120305;2;10;4;4;0;0;C114
20120401;20120421;20120422;3;6;20;21;1;1;C115
20120501;20120506;20120506;2;1;5;5;0;0;C116
20120601;20120609;20120609;1;10;8;8;0;0;C117
20120701;20120708;20120708;3;2;7;7;0;0;C118
20120801;20120807;20120808;1;1;6;7;1;1;C119
20120901;20120915;20120916;1;2;14;15;1;1;C120
20121001;20121015;20121016;3;5;14;15;1;1;C121
20121101;20121121;20121121;3;9;20;20;0;0;C122
20121201;20121213;20121213;4;5;12;12;0;0;C123
20130101;20130115;20130115;4;8;14;14;0;0;C100
20130201;20130204;20130206;5;3;3;5;1;2;C101
20130301;20130319;20130319;5;5;18;18;0;0;C102
20130401;20130418;20130419;1;6;17;18;1;1;C103
20130501;20130513;20130513;4;9;12;12;0;0;C104
20130601;20130613;20130616;1;9;12;15;1;3;C105
20130701;20130713;20130713;4;8;12;12;0;0;C106
20130801;20130815;20130817;3;3;14;16;1;2;C107
20130901;20130915;20130916;3;10;14;15;1;1;C108
20131001;20131019;20131019;4;2;18;18;0;0;C109
20131101;20131108;20131109;3;1;7;8;1;1;C110
20131201;20131212;20131212;5;8;11;11;0;0;C111
20120101;20120121;20120121;5;10;20;20;0;0;C112
20120201;20120218;20120219;4;2;17;18;1;1;C113
20120301;20120314;20120315;2;7;13;14;1;1;C114
20120401;20120419;20120419;2;8;18;18;0;0;C115
20120501;20120502;20120503;4;3;1;2;1;1;C116
20120601;20120605;20120606;4;8;4;5;1;1;C117
20120701;20120718;20120718;3;4;17;17;0;0;C118
20120801;20120803;20120803;3;10;2;2;0;0;C119
20120901;20120915;20120916;2;1;14;15;1;1;C120
20121001;20121008;20121008;5;2;7;7;0;0;C121
20121101;20121116;20121117;4;6;15;16;1;1;C122
20121201;20121208;20121209;5;1;7;8;1;1;C123
20130101;20130120;20130120;2;3;19;19;0;0;C100
20130201;20130206;20130206;2;3;5;5;0;0;C101
20130301;20130317;20130317;5;6;16;16;0;0;C102
20130401;20130416;20130420;3;3;15;19;1;4;C103
20130501;20130521;20130521;1;4;20;20;0;0;C104
20130601;20130621;20130623;5;4;20;22;1;2;C105
20130701;20130709;20130713;5;3;8;12;1;4;C106
20130801;20130803;20130803;2;7;2;2;0;0;C107
20130901;20130902;20130903;5;5;1;2;1;1;C108
20131001;20131006;20131006;4;3;5;5;0;0;C109
20131101;20131109;20131113;1;4;8;12;1;4;C110
20131201;20131214;20131214;5;4;13;13;0;0;C111
20120101;20120102;20120103;5;5;1;2;1;1;C112
20120201;20120208;20120209;1;6;7;8;1;1;C113
20120301;20120320;20120321;4;8;19;20;1;1;C114
20120401;20120416;20120416;4;1;15;15;0;0;C115
20120501;20120519;20120519;3;6;18;18;0;0;C116
20120601;20120621;20120621;1;2;20;20;0;0;C117
20120701;20120720;20120720;4;5;19;19;0;0;C118
20120801;20120804;20120805;5;6;3;4;1;1;C119
20120901;20120903;20120903;5;8;2;2;0;0;C120
20121001;20121005;20121006;2;3;4;5;1;1;C121
20121101;20121112;20121117;1;5;11;16;1;5;C122
20121201;20121209;20121209;5;7;8;8;0;0;C123
20130101;20130110;20130111;3;9;9;10;1;1;C100
20130201;20130208;20130208;1;4;7;7;0;0;C101
20130301;20130310;20130311;1;9;9;10;1;1;C102
20130401;20130408;20130408;5;4;7;7;0;0;C103
20130501;20130515;20130515;3;6;14;14;0;0;C104
20130601;20130615;20130615;2;5;14;14;0;0;C105
20130701;20130704;20130704;2;3;3;3;0;0;C106
20130801;20130807;20130807;5;9;6;6;0;0;C107
20130901;20130910;20130910;5;2;9;9;0;0;C108
20131001;20131011;20131015;1;2;10;14;1;4;C109
20131101;20131117;20131117;1;2;16;16;0;0;C110
20131201;20131211;20131211;2;10;10;10;0;0;C111
20120101;20120108;20120110;4;5;7;9;1;2;C112
20120201;20120220;20120220;4;5;19;19;0;0;C113
20120301;20120309;20120310;3;1;8;9;1;1;C114
20120401;20120418;20120420;1;4;17;19;1;2;C115
20120501;20120504;20120507;1;10;3;6;1;3;C116
20120601;20120605;20120610;5;1;4;9;1;5;C117
20120701;20120709;20120711;4;5;8;10;1;2;C118
20120801;20120817;20120817;2;5;16;16;0;0;C119
20120901;20120919;20120921;4;3;18;20;1;2;C120
20121001;20121019;20121020;1;10;18;19;1;1;C121
20121101;20121115;20121116;1;2;14;15;1;1;C122
20121201;20121212;20121214;2;4;11;13;1;2;C123
20130101;20130112;20130112;4;3;11;11;0;0;C100
20130201;20130211;20130212;1;10;10;11;1;1;C101
20130301;20130319;20130319;2;8;18;18;0;0;C102
20130401;20130411;20130411;2;8;10;10;0;0;C103
20130501;20130507;20130509;3;2;6;8;1;2;C104
20130601;20130617;20130619;3;8;16;18;1;2;C105
20130701;20130715;20130717;4;5;14;16;1;2;C106
20130801;20130808;20130809;2;6;7;8;1;1;C107
20130901;20130916;20130917;2;7;15;16;1;1;C108
20131001;20131021;20131021;3;7;20;20;0;0;C109
20131101;20131108;20131109;2;9;7;8;1;1;C110
20131201;20131212;20131216;1;3;11;15;1;4;C111
20120101;20120119;20120121;3;1;18;20;1;2;C112
20120201;20120220;20120220;4;9;19;19;0;0;C113
20120301;20120309;20120310;3;7;8;9;1;1;C114
20120401;20120417;20120417;5;4;16;16;0;0;C115
20120501;20120508;20120509;2;3;7;8;1;1;C116
20120601;20120604;20120604;2;6;3;3;0;0;C117
20120701;20120707;20120707;5;8;6;6;0;0;C118
20120801;20120808;20120811;4;1;7;10;1;3;C119
20120901;20120907;20120908;2;1;6;7;1;1;C120
20121001;20121017;20121017;5;8;16;16;0;0;C121
20121101;20121104;20121105;2;10;3;4;1;1;C122
20121201;20121204;20121204;5;6;3;3;0;0;C123
20130101;20130114;20130115;5;1;13;14;1;1;C100
20130201;20130207;20130208;4;10;6;7;1;1;C101
20130301;20130304;20130306;2;1;3;5;1;2;C102
20130401;20130417;20130417;2;5;16;16;0;0;C103
20130501;20130509;20130511;4;5;8;10;1;2;C104
20130601;20130607;20130607;1;7;6;6;0;0;C105
20130701;20130708;20130709;5;1;7;8;1;1;C106
20130801;20130814;20130815;3;2;13;14;1;1;C107
20130901;20130914;20130914;1;3;13;13;0;0;C108
20131001;20131017;20131017;3;2;16;16;0;0;C109
20131101;20131115;20131115;3;7;14;14;0;0;C110
20131201;20131218;20131221;1;6;17;20;1;3;C111
20120101;20120108;20120111;1;8;7;10;1;3;C112
20120201;20120205;20120205;5;7;4;4;0;0;C113
20120301;20120316;20120316;1;8;15;15;0;0;C114
20120401;20120418;20120418;2;6;17;17;0;0;C115
20120501;20120508;20120509;1;2;7;8;1;1;C116
20120601;20120616;20120616;3;1;15;15;0;0;C117
20120701;20120711;20120713;1;10;10;12;1;2;C118
20120801;20120810;20120810;5;10;9;9;0;0;C119
20120901;20120915;20120917;4;8;14;16;1;2;C120
20121001;20121019;20121020;5;9;18;19;1;1;C121
20121101;20121117;20121117;5;3;16;16;0;0;C122
20121201;20121212;20121213;1;10;11;12;1;1;C123
20130101;20130113;20130113;1;8;12;12;0;0;C100
20130201;20130210;20130211;1;1;9;10;1;1;C101
20130301;20130312;20130312;3;3;11;11;0;0;C102
20130401;20130416;20130416;3;8;15;15;0;0;C103
20130501;20130505;20130506;4;1;4;5;1;1;C104
20130601;20130605;20130605;3;9;4;4;0;0;C105
20130701;20130703;20130703;5;1;2;2;0;0;C106
20130801;20130805;20130805;5;2;4;4;0;0;C107
20130901;20130918;20130918;1;2;17;17;0;0;C108
20131001;20131020;20131020;3;5;19;19;0;0;C109
20131101;20131111;20131111;4;8;10;10;0;0;C110
20131201;20131211;20131212;2;4;10;11;1;1;C111
20120101;20120102;20120102;3;2;1;1;0;0;C112
20120201;20120215;20120215;5;9;14;14;0;0;C113
20120301;20120311;20120313;4;10;10;12;1;2;C114
20120401;20120409;20120409;3;10;8;8;0;0;C115
20120501;20120512;20120514;3;8;11;13;1;2;C116
20120601;20120602;20120602;2;10;1;1;0;0;C117
20120701;20120705;20120705;5;3;4;4;0;0;C118
20120801;20120809;20120809;1;2;8;8;0;0;C119
20120901;20120917;20120917;3;6;16;16;0;0;C120
20121001;20121002;20121002;3;3;1;1;0;0;C121
20121101;20121115;20121116;4;6;14;15;1;1;C122
20121201;20121214;20121217;2;10;13;16;1;3;C123
20130101;20130111;20130113;3;4;10;12;1;2;C100
20130201;20130204;20130204;2;2;3;3;0;0;C101
20130301;20130319;20130319;3;10;18;18;0;0;C102
20130401;20130418;20130418;5;1;17;17;0;0;C103
20130501;20130514;20130518;5;10;13;17;1;4;C104
20130601;20130603;20130603;2;5;2;2;0;0;C105
20130701;20130705;20130705;3;7;4;4;0;0;C106
20130801;20130820;20130820;3;3;19;19;0;0;C107
20130901;20130911;20130912;1;8;10;11;1;1;C108
20131001;20131010;20131011;1;1;9;10;1;1;C109
20131101;20131109;20131111;2;3;8;10;1;2;C110
20131201;20131203;20131203;3;2;2;2;0;0;C111
20120101;20120119;20120119;5;4;18;18;0;0;C112
20120201;20120206;20120206;5;6;5;5;0;0;C113
20120301;20120310;20120310;1;6;9;9;0;0;C114
20120401;20120417;20120418;3;7;16;17;1;1;C115
20120501;20120516;20120519;2;4;15;18;1;3;C116
20120601;20120607;20120607;3;6;6;6;0;0;C117
20120701;20120707;20120707;2;6;6;6;0;0;C118
20120801;20120805;20120807;2;4;4;6;1;2;C119
20120901;20120905;20120907;4;4;4;6;1;2;C120
20121001;20121019;20121021;1;7;18;20;1;2;C121
20121101;20121115;20121115;1;1;14;14;0;0;C122
20121201;20121212;20121212;1;6;11;11;0;0;C123
20130101;20130116;20130117;1;8;15;16;1;1;C100
20130201;20130204;20130204;4;1;3;3;0;0;C101
20130301;20130314;20130315;4;6;13;14;1;1;C102
20130401;20130410;20130410;2;10;9;9;0;0;C103
20130501;20130515;20130517;2;2;14;16;1;2;C104
20130601;20130611;20130613;3;8;10;12;1;2;C105
20130701;20130710;20130710;4;2;9;9;0;0;C106
20130801;20130812;20130816;1;7;11;15;1;4;C107
20130901;20130905;20130908;3;1;4;7;1;3;C108
20131001;20131017;20131020;1;3;16;19;1;3;C109
20131101;20131102;20131102;2;2;1;1;0;0;C110
20131201;20131207;20131207;1;8;6;6;0;0;C111
20120101;20120117;20120117;2;2;16;16;0;0;C112
20120201;20120214;20120214;1;3;13;13;0;0;C113
20120301;20120305;20120306;1;10;4;5;1;1;C114
20120401;20120407;20120407;4;5;6;6;0;0;C115
20120501;20120507;20120507;5;5;6;6;0;0;C116
20120601;20120611;20120612;4;10;10;11;1;1;C117
20120701;20120711;20120715;3;10;10;14;1;4;C118
20120801;20120803;20120809;4;8;2;8;1;6;C119
20120901;20120907;20120913;4;7;6;12;1;6;C120
20121001;20121016;20121018;1;8;15;17;1;2;C121
20121101;20121107;20121108;2;7;6;7;1;1;C122
20121201;20121216;20121216;4;10;15;15;0;0;C123
20130101;20130104;20130105;1;7;3;4;1;1;C100
20130201;20130216;20130216;3;2;15;15;0;0;C101
20130301;20130316;20130320;4;8;15;19;1;4;C102
20130401;20130415;20130417;1;2;14;16;1;2;C103
20130501;20130504;20130506;5;8;3;5;1;2;C104
20130601;20130612;20130612;2;4;11;11;0;0;C105
20130701;20130704;20130705;3;8;3;4;1;1;C106
20130801;20130818;20130821;3;5;17;20;1;3;C107
20130901;20130908;20130908;3;5;7;7;0;0;C108
20131001;20131009;20131010;4;8;8;9;1;1;C109
20131101;20131119;20131119;5;3;18;18;0;0;C110
20131201;20131217;20131217;1;2;16;16;0;0;C111
20120101;20120105;20120106;3;9;4;5;1;1;C112
20120201;20120206;20120210;3;5;5;9;1;4;C113
20120301;20120316;20120316;1;10;15;15;0;0;C114
20120401;20120418;20120422;4;3;17;21;1;4;C115
20120501;20120504;20120504;5;8;3;3;0;0;C116
20120601;20120611;20120611;3;5;10;10;0;0;C117
20120701;20120706;20120707;1;4;5;6;1;1;C118
20120801;20120821;20120821;3;3;20;20;0;0;C119
20120901;20120905;20120907;1;4;4;6;1;2;C120
20121001;20121002;20121009;3;5;1;8;1;7;C121
20121101;20121120;20121121;1;3;19;20;1;1;C122
20121201;20121221;20121222;5;2;20;21;1;1;C123
20130101;20130120;20130120;2;6;19;19;0;0;C100
20130201;20130218;20130218;2;6;17;17;0;0;C101
20130301;20130316;20130319;1;5;15;18;1;3;C102
20130401;20130404;20130407;1;8;3;6;1;3;C103
20130501;20130510;20130510;5;6;9;9;0;0;C104
20130601;20130616;20130618;5;3;15;17;1;2;C105
20130701;20130720;20130720;4;4;19;19;0;0;C106
20130801;20130812;20130812;2;3;11;11;0;0;C107
20130901;20130920;20130926;4;8;19;25;1;6;C108
20131001;20131018;20131018;4;2;17;17;0;0;C109
20131101;20131118;20131119;3;5;17;18;1;1;C110
20131201;20131212;20131212;5;6;11;11;0;0;C111
20120101;20120119;20120119;1;4;18;18;0;0;C112
20120201;20120203;20120203;4;2;2;2;0;0;C113
20120301;20120305;20120306;4;9;4;5;1;1;C114
20120401;20120413;20120414;1;3;12;13;1;1;C115
20120501;20120505;20120509;5;8;4;8;1;4;C116
20120601;20120603;20120605;5;3;2;4;1;2;C117
20120701;20120702;20120703;5;2;1;2;1;1;C118
20120801;20120814;20120814;2;9;13;13;0;0;C119
20120901;20120907;20120908;2;5;6;7;1;1;C120
20121001;20121021;20121022;4;5;20;21;1;1;C121
20121101;20121116;20121119;1;4;15;18;1;3;C122
20121201;20121219;20121221;4;5;18;20;1;2;C123
20130101;20130106;20130106;3;3;5;5;0;0;C100
20130201;20130211;20130211;1;4;10;10;0;0;C101
20130301;20130307;20130307;5;7;6;6;0;0;C102
20130401;20130407;20130408;2;5;6;7;1;1;C103
20130501;20130511;20130515;4;1;10;14;1;4;C104
20130601;20130617;20130617;3;7;16;16;0;0;C105
20130701;20130721;20130721;3;4;20;20;0;0;C106
20130801;20130817;20130817;1;5;16;16;0;0;C107
20130901;20130904;20130906;5;4;3;5;1;2;C108
20131001;20131012;20131015;1;3;11;14;1;3;C109
20131101;20131102;20131102;3;9;1;1;0;0;C110
20131201;20131204;20131208;5;9;3;7;1;4;C111
20120101;20120120;20120120;1;7;19;19;0;0;C112
20120201;20120211;20120211;5;4;10;10;0;0;C113
20120301;20120309;20120310;1;6;8;9;1;1;C114
20120401;20120404;20120404;3;5;3;3;0;0;C115
20120501;20120511;20120513;4;2;10;12;1;2;C116
20120601;20120606;20120606;5;7;5;5;0;0;C117
20120701;20120713;20120715;4;10;12;14;1;2;C118
20120801;20120820;20120821;1;6;19;20;1;1;C119
20120901;20120909;20120912;3;9;8;11;1;3;C120
20121001;20121019;20121019;4;3;18;18;0;0;C121
20121101;20121102;20121102;2;3;1;1;0;0;C122
20121201;20121216;20121218;1;5;15;17;1;2;C123
20130101;20130117;20130118;1;6;16;17;1;1;C100
20130201;20130218;20130219;1;5;17;18;1;1;C101
20130301;20130309;20130310;2;7;8;9;1;1;C102
20130401;20130421;20130425;2;4;20;24;1;4;C103
20130501;20130506;20130506;2;4;5;5;0;0;C104
20130601;20130611;20130611;3;4;10;10;0;0;C105
20130701;20130717;20130717;5;1;16;16;0;0;C106
20130801;20130806;20130808;3;3;5;7;1;2;C107
20130901;20130917;20130918;5;3;16;17;1;1;C108
20131001;20131018;20131019;4;6;17;18;1;1;C109
20131101;20131118;20131118;3;5;17;17;0;0;C110
20131201;20131221;20131222;5;10;20;21;1;1;C111
20120101;20120114;20120116;5;3;13;15;1;2;C112
20120201;20120206;20120206;4;5;5;5;0;0;C113
20120301;20120312;20120312;3;7;11;11;0;0;C114
20120401;20120416;20120416;5;5;15;15;0;0;C115
20120501;20120507;20120508;4;7;6;7;1;1;C116
20120601;20120607;20120607;2;3;6;6;0;0;C117
20120701;20120717;20120718;5;1;16;17;1;1;C118
20120801;20120821;20120821;5;9;20;20;0;0;C119
20120901;20120909;20120910;3;4;8;9;1;1;C120
20121001;20121013;20121014;3;10;12;13;1;1;C121
20121101;20121106;20121106;2;2;5;5;0;0;C122
20121201;20121210;20121211;4;5;9;10;1;1;C123
20130101;20130111;20130111;1;3;10;10;0;0;C100
20130201;20130213;20130214;1;8;12;13;1;1;C101
20130301;20130305;20130310;4;3;4;9;1;5;C102
20130401;20130407;20130408;1;4;6;7;1;1;C103
20130501;20130505;20130505;3;3;4;4;0;0;C104
20130601;20130604;20130606;3;6;3;5;1;2;C105
20130701;20130707;20130707;2;7;6;6;0;0;C106
20130801;20130812;20130812;4;7;11;11;0;0;C107
20130901;20130909;20130909;3;5;8;8;0;0;C108
20131001;20131020;20131023;1;3;19;22;1;3;C109
20131101;20131112;20131112;5;1;11;11;0;0;C110
20131201;20131205;20131207;5;9;4;6;1;2;C111
20120101;20120105;20120106;3;1;4;5;1;1;C112
20120201;20120202;20120206;4;5;1;5;1;4;C113
20120301;20120319;20120320;3;10;18;19;1;1;C114
20120401;20120402;20120402;3;4;1;1;0;0;C115
20120501;20120503;20120503;3;7;2;2;0;0;C116
20120601;20120609;20120612;2;10;8;11;1;3;C117
20120701;20120720;20120720;2;9;19;19;0;0;C118
20120801;20120812;20120814;1;2;11;13;1;2;C119
20120901;20120903;20120904;2;5;2;3;1;1;C120
20121001;20121015;20121018;2;9;14;17;1;3;C121
20121101;20121116;20121117;4;10;15;16;1;1;C122
20121201;20121206;20121206;1;9;5;5;0;0;C123
20130101;20130104;20130104;2;1;3;3;0;0;C100
20130201;20130219;20130219;5;2;18;18;0;0;C101
20130301;20130307;20130307;4;8;6;6;0;0;C102
20130401;20130414;20130414;4;2;13;13;0;0;C103
20130501;20130520;20130520;4;4;19;19;0;0;C104
20130601;20130608;20130610;5;8;7;9;1;2;C105
20130701;20130715;20130715;5;9;14;14;0;0;C106
20130801;20130808;20130808;2;10;7;7;0;0;C107
20130901;20130921;20130925;2;2;20;24;1;4;C108
20131001;20131002;20131005;2;10;1;4;1;3;C109
20131101;20131111;20131113;4;6;10;12;1;2;C110
20131201;20131205;20131206;5;10;4;5;1;1;C111
20120101;20120112;20120113;3;7;11;12;1;1;C112
20120201;20120205;20120205;5;8;4;4;0;0;C113
20120301;20120313;20120316;2;1;12;15;1;3;C114
20120401;20120402;20120402;3;2;1;1;0;0;C115
20120501;20120506;20120506;4;4;5;5;0;0;C116
20120601;20120617;20120617;1;10;16;16;0;0;C117
20120701;20120715;20120720;5;5;14;19;1;5;C118
20120801;20120817;20120820;4;6;16;19;1;3;C119
20120901;20120912;20120912;4;10;11;11;0;0;C120
20121001;20121015;20121016;2;2;14;15;1;1;C121
20121101;20121111;20121111;5;10;10;10;0;0;C122
20121201;20121217;20121220;4;2;16;19;1;3;C123
20130101;20130118;20130118;2;9;17;17;0;0;C100
20130201;20130216;20130216;3;5;15;15;0;0;C101
20130301;20130311;20130311;5;10;10;10;0;0;C102
20130401;20130409;20130416;2;2;8;15;1;7;C103
20130501;20130510;20130514;4;9;9;13;1;4;C104
20130601;20130604;20130604;4;9;3;3;0;0;C105
20130701;20130715;20130715;1;4;14;14;0;0;C106
20130801;20130804;20130804;2;1;3;3;0;0;C107
20130901;20130917;20130919;4;2;16;18;1;2;C108
20131001;20131011;20131012;5;4;10;11;1;1;C109
20131101;20131112;20131113;5;4;11;12;1;1;C110
20131201;20131214;20131214;4;3;13;13;0;0;C111
20120101;20120112;20120113;2;10;11;12;1;1;C112
20120201;20120216;20120216;2;5;15;15;0;0;C113
20120301;20120310;20120311;2;7;9;10;1;1;C114
20120401;20120409;20120410;4;1;8;9;1;1;C115
20120501;20120512;20120513;1;7;11;12;1;1;C116
20120601;20120612;20120612;1;7;11;11;0;0;C117
20120701;20120720;20120720;2;1;19;19;0;0;C118
20120801;20120805;20120805;2;4;4;4;0;0;C119
20120901;20120909;20120909;4;3;8;8;0;0;C120
20121001;20121014;20121014;3;8;13;13;0;0;C121
20121101;20121113;20121113;2;1;12;12;0;0;C122
20121201;20121211;20121213;4;7;10;12;1;2;C123
20130101;20130118;20130119;5;6;17;18;1;1;C100
20130201;20130217;20130217;2;10;16;16;0;0;C101
20130301;20130303;20130305;5;1;2;4;1;2;C102
20130401;20130405;20130405;1;10;4;4;0;0;C103
20130501;20130507;20130509;2;6;6;8;1;2;C104
20130601;20130614;20130616;1;4;13;15;1;2;C105
20130701;20130719;20130719;1;3;18;18;0;0;C106
20130801;20130820;20130820;3;6;19;19;0;0;C107
20130901;20130902;20130903;2;3;1;2;1;1;C108
20131001;20131008;20131008;3;4;7;7;0;0;C109
20131101;20131108;20131114;1;7;7;13;1;6;C110
20131201;20131214;20131214;2;4;13;13;0;0;C111
20120101;20120106;20120106;5;4;5;5;0;0;C112
20120201;20120210;20120211;2;10;9;10;1;1;C113
20120301;20120307;20120309;3;3;6;8;1;2;C114
20120401;20120407;20120408;3;5;6;7;1;1;C115
20120501;20120508;20120508;4;7;7;7;0;0;C116
20120601;20120615;20120615;2;1;14;14;0;0;C117
20120701;20120715;20120715;4;3;14;14;0;0;C118
20120801;20120802;20120803;1;3;1;2;1;1;C119
20120901;20120914;20120915;5;4;13;14;1;1;C120
20121001;20121016;20121016;2;1;15;15;0;0;C121
20121101;20121102;20121103;2;4;1;2;1;1;C122
20121201;20121215;20121215;5;3;14;14;0;0;C123
20130101;20130121;20130125;1;2;20;24;1;4;C100
20130201;20130205;20130205;4;9;4;4;0;0;C101
20130301;20130315;20130316;3;5;14;15;1;1;C102
20130401;20130409;20130409;4;7;8;8;0;0;C103
20130501;20130521;20130521;3;8;20;20;0;0;C104
20130601;20130619;20130620;1;3;18;19;1;1;C105
20130701;20130708;20130708;4;5;7;7;0;0;C106
20130801;20130811;20130811;3;1;10;10;0;0;C107
20130901;20130910;20130910;2;4;9;9;0;0;C108
20131001;20131014;20131015;5;5;13;14;1;1;C109
20131101;20131110;20131111;2;4;9;10;1;1;C110
20131201;20131219;20131219;4;2;18;18;0;0;C111
20120101;20120106;20120106;1;1;5;5;0;0;C112
20120201;20120220;20120221;3;5;19;20;1;1;C113
20120301;20120317;20120317;2;2;16;16;0;0;C114
20120401;20120411;20120412;4;2;10;11;1;1;C115
20120501;20120503;20120504;5;3;2;3;1;1;C116
20120601;20120602;20120604;2;6;1;3;1;2;C117
20120701;20120718;20120718;1;5;17;17;0;0;C118
20120801;20120805;20120807;5;1;4;6;1;2;C119
20120901;20120909;20120909;1;7;8;8;0;0;C120
20121001;20121010;20121010;3;10;9;9;0;0;C121
20121101;20121110;20121111;2;7;9;10;1;1;C122
20121201;20121208;20121208;2;7;7;7;0;0;C123
20130101;20130111;20130111;3;4;10;10;0;0;C100
20130201;20130209;20130209;1;3;8;8;0;0;C101
20130301;20130309;20130311;1;6;8;10;1;2;C102
20130401;20130421;20130421;3;1;20;20;0;0;C103
20130501;20130506;20130506;3;7;5;5;0;0;C104
20130601;20130608;20130608;5;9;7;7;0;0;C105
20130701;20130705;20130707;2;7;4;6;1;2;C106
20130801;20130820;20130825;5;2;19;24;1;5;C107
20130901;20130917;20130917;2;6;16;16;0;0;C108
20131001;20131010;20131010;4;10;9;9;0;0;C109
20131101;20131104;20131104;5;6;3;3;0;0;C110
20131201;20131213;20131213;3;2;12;12;0;0;C111
20120101;20120121;20120121;2;3;20;20;0;0;C112
20120201;20120207;20120207;1;1;6;6;0;0;C113
20120301;20120306;20120306;5;1;5;5;0;0;C114
20120401;20120421;20120423;1;6;20;22;1;2;C115
20120501;20120517;20120518;5;3;16;17;1;1;C116
20120601;20120612;20120613;5;5;11;12;1;1;C117
20120701;20120720;20120720;2;1;19;19;0;0;C118
20120801;20120802;20120802;3;8;1;1;0;0;C119
20120901;20120909;20120909;1;2;8;8;0;0;C120
20121001;20121018;20121019;3;6;17;18;1;1;C121
20121101;20121119;20121121;1;10;18;20;1;2;C122
20121201;20121212;20121212;1;6;11;11;0;0;C123
20130101;20130114;20130114;4;4;13;13;0;0;C100
20130201;20130218;20130218;3;9;17;17;0;0;C101
20130301;20130315;20130315;1;5;14;14;0;0;C102
20130401;20130406;20130408;1;2;5;7;1;2;C103
20130501;20130514;20130514;2;2;13;13;0;0;C104
20130601;20130609;20130609;4;3;8;8;0;0;C105
20130701;20130717;20130717;4;1;16;16;0;0;C106
20130801;20130809;20130811;1;8;8;10;1;2;C107
20130901;20130912;20130913;5;9;11;12;1;1;C108
20131001;20131002;20131004;1;7;1;3;1;2;C109
20131101;20131113;20131113;2;10;12;12;0;0;C110
20131201;20131217;20131217;4;4;16;16;0;0;C111
20120101;20120106;20120108;4;8;5;7;1;2;C112
20120201;20120209;20120210;4;2;8;9;1;1;C113
20120301;20120307;20120309;2;5;6;8;1;2;C114
20120401;20120417;20120425;4;1;16;24;1;8;C115
20120501;20120517;20120519;5;6;16;18;1;2;C116
20120601;20120606;20120608;3;4;5;7;1;2;C117
20120701;20120706;20120706;5;9;5;5;0;0;C118
20120801;20120817;20120817;4;2;16;16;0;0;C119
20120901;20120904;20120905;4;2;3;4;1;1;C120
20121001;20121019;20121019;2;6;18;18;0;0;C121
20121101;20121108;20121108;1;5;7;7;0;0;C122
20121201;20121217;20121217;3;6;16;16;0;0;C123
20130101;20130106;20130109;4;7;5;8;1;3;C100
20130201;20130212;20130214;2;4;11;13;1;2;C101
20130301;20130305;20130306;5;8;4;5;1;1;C102
20130401;20130409;20130410;5;5;8;9;1;1;C103
20130501;20130506;20130509;4;5;5;8;1;3;C104
20130601;20130608;20130608;3;4;7;7;0;0;C105
20130701;20130703;20130703;4;8;2;2;0;0;C106
20130801;20130809;20130809;4;9;8;8;0;0;C107
20130901;20130903;20130903;2;6;2;2;0;0;C108
20131001;20131005;20131008;5;9;4;7;1;3;C109
20131101;20131116;20131116;4;6;15;15;0;0;C110
20131201;20131220;20131220;5;2;19;19;0;0;C111
20120101;20120112;20120114;4;2;11;13;1;2;C112
20120201;20120211;20120211;3;2;10;10;0;0;C113
20120301;20120320;20120320;3;6;19;19;0;0;C114
20120401;20120402;20120402;2;4;1;1;0;0;C115
20120501;20120518;20120521;5;10;17;20;1;3;C116
20120601;20120611;20120612;2;4;10;11;1;1;C117
20120701;20120714;20120715;1;1;13;14;1;1;C118
20120801;20120820;20120821;2;8;19;20;1;1;C119
20120901;20120916;20120916;5;8;15;15;0;0;C120
20121001;20121016;20121016;1;8;15;15;0;0;C121
20121101;20121121;20121123;3;2;20;22;1;2;C122
20121201;20121209;20121209;3;1;8;8;0;0;C123
20130101;20130110;20130112;5;3;9;11;1;2;C100
20130201;20130210;20130212;3;2;9;11;1;2;C101
20130301;20130311;20130312;2;9;10;11;1;1;C102
20130401;20130406;20130406;3;2;5;5;0;0;C103
20130501;20130516;20130517;1;1;15;16;1;1;C104
20130601;20130607;20130607;2;3;6;6;0;0;C105
20130701;20130717;20130717;5;4;16;16;0;0;C106
20130801;20130815;20130816;3;6;14;15;1;1;C107
20130901;20130909;20130909;3;1;8;8;0;0;C108
20131001;20131014;20131014;2;10;13;13;0;0;C109
20131101;20131118;20131119;3;3;17;18;1;1;C110
20131201;20131213;20131217;1;9;12;16;1;4;C111
20120101;20120107;20120109;4;9;6;8;1;2;C112
20120201;20120203;20120205;5;10;2;4;1;2;C113
20120301;20120311;20120312;1;8;10;11;1;1;C114
20120401;20120413;20120414;4;9;12;13;1;1;C115
20120501;20120503;20120503;4;10;2;2;0;0;C116
20120601;20120612;20120615;3;1;11;14;1;3;C117
20120701;20120718;20120718;4;4;17;17;0;0;C118
20120801;20120816;20120818;1;8;15;17;1;2;C119
20120901;20120904;20120904;2;1;3;3;0;0;C120
20121001;20121013;20121014;4;7;12;13;1;1;C121
20121101;20121121;20121124;4;8;20;23;1;3;C122
20121201;20121219;20121219;2;10;18;18;0;0;C123
20130101;20130113;20130113;1;6;12;12;0;0;C100
20130201;20130211;20130212;3;5;10;11;1;1;C101
20130301;20130318;20130320;1;4;17;19;1;2;C102
20130401;20130419;20130419;1;5;18;18;0;0;C103
20130501;20130519;20130519;2;3;18;18;0;0;C104
20130601;20130612;20130614;5;6;11;13;1;2;C105
20130701;20130717;20130717;5;5;16;16;0;0;C106
20130801;20130802;20130803;5;8;1;2;1;1;C107
20130901;20130916;20130919;2;9;15;18;1;3;C108
20131001;20131019;20131020;2;3;18;19;1;1;C109
20131101;20131105;20131105;5;9;4;4;0;0;C110
20131201;20131208;20131208;1;3;7;7;0;0;C111
20120101;20120117;20120118;1;2;16;17;1;1;C112
20120201;20120212;20120216;1;1;11;15;1;4;C113
20120301;20120312;20120312;4;10;11;11;0;0;C114
20120401;20120412;20120412;5;10;11;11;0;0;C115
20120501;20120502;20120505;1;9;1;4;1;3;C116
20120601;20120611;20120611;1;7;10;10;0;0;C117
20120701;20120707;20120712;3;4;6;11;1;5;C118
20120801;20120806;20120807;4;5;5;6;1;1;C119
20120901;20120919;20120919;3;10;18;18;0;0;C120
20121001;20121015;20121020;4;9;14;19;1;5;C121
20121101;20121110;20121111;2;10;9;10;1;1;C122
20121201;20121210;20121211;2;3;9;10;1;1;C123
20130101;20130110;20130110;2;6;9;9;0;0;C100
20130201;20130211;20130214;3;7;10;13;1;3;C101
20130301;20130309;20130312;2;7;8;11;1;3;C102
20130401;20130419;20130419;2;10;18;18;0;0;C103
20130501;20130516;20130519;1;10;15;18;1;3;C104
20130601;20130613;20130613;5;5;12;12;0;0;C105
20130701;20130721;20130721;5;1;20;20;0;0;C106
20130801;20130809;20130809;1;2;8;8;0;0;C107
20130901;20130903;20130904;4;6;2;3;1;1;C108
20131001;20131010;20131010;3;8;9;9;0;0;C109
20131101;20131104;20131104;5;5;3;3;0;0;C110
20131201;20131216;20131216;5;1;15;15;0;0;C111
20120101;20120118;20120120;1;4;17;19;1;2;C112
20120201;20120208;20120208;4;6;7;7;0;0;C113
20120301;20120311;20120311;4;1;10;10;0;0;C114
20120401;20120403;20120403;1;1;2;2;0;0;C115
20120501;20120521;20120522;5;9;20;21;1;1;C116
20120601;20120603;20120604;3;1;2;3;1;1;C117
20120701;20120704;20120704;4;4;3;3;0;0;C118
20120801;20120802;20120802;2;4;1;1;0;0;C119
20120901;20120907;20120907;5;7;6;6;0;0;C120
20121001;20121007;20121007;5;5;6;6;0;0;C121
20121101;20121113;20121113;5;6;12;12;0;0;C122
20121201;20121204;20121205;3;8;3;4;1;1;C123
20130101;20130116;20130117;4;5;15;16;1;1;C100
20130201;20130204;20130205;4;4;3;4;1;1;C101
20130301;20130321;20130321;2;6;20;20;0;0;C102
20130401;20130415;20130415;5;4;14;14;0;0;C103
20130501;20130519;20130519;5;9;18;18;0;0;C104
20130601;20130618;20130618;4;2;17;17;0;0;C105
20130701;20130718;20130718;4;4;17;17;0;0;C106
20130801;20130813;20130814;5;8;12;13;1;1;C107
20130901;20130906;20130909;1;7;5;8;1;3;C108
20131001;20131015;20131015;2;2;14;14;0;0;C109
20131101;20131121;20131121;4;10;20;20;0;0;C110
20131201;20131209;20131209;1;10;8;8;0;0;C111
20120101;20120114;20120114;5;5;13;13;0;0;C112
20120201;20120207;20120207;5;9;6;6;0;0;C113
20120301;20120317;20120318;2;10;16;17;1;1;C114
20120401;20120419;20120420;2;8;18;19;1;1;C115
20120501;20120507;20120507;3;8;6;6;0;0;C116
20120601;20120618;20120618;5;5;17;17;0;0;C117
20120701;20120709;20120709;3;1;8;8;0;0;C118
20120801;20120813;20120814;1;3;12;13;1;1;C119
20120901;20120905;20120906;4;7;4;5;1;1;C120
20121001;20121020;20121021;2;2;19;20;1;1;C121
20121101;20121105;20121110;4;10;4;9;1;5;C122
20121201;20121211;20121213;1;6;10;12;1;2;C123
20130101;20130104;20130106;4;3;3;5;1;2;C100
20130201;20130219;20130219;4;1;18;18;0;0;C101
20130301;20130313;20130313;1;2;12;12;0;0;C102
20130401;20130419;20130422;3;2;18;21;1;3;C103
20130501;20130503;20130503;5;8;2;2;0;0;C104
20130601;20130613;20130619;4;6;12;18;1;6;C105
20130701;20130706;20130708;1;5;5;7;1;2;C106
20130801;20130818;20130819;3;4;17;18;1;1;C107
20130901;20130906;20130908;1;9;5;7;1;2;C108
20131001;20131010;20131011;3;8;9;10;1;1;C109
20131101;20131116;20131117;3;4;15;16;1;1;C110
20131201;20131205;20131207;2;4;4;6;1;2;C111
20120101;20120104;20120104;1;7;3;3;0;0;C112
20120201;20120207;20120211;5;5;6;10;1;4;C113
20120301;20120316;20120317;2;1;15;16;1;1;C114
20120401;20120406;20120409;4;6;5;8;1;3;C115
20120501;20120506;20120506;3;8;5;5;0;0;C116
20120601;20120619;20120619;1;7;18;18;0;0;C117
20120701;20120709;20120709;5;7;8;8;0;0;C118
20120801;20120816;20120821;4;3;15;20;1;5;C119
20120901;20120914;20120914;1;8;13;13;0;0;C120
20121001;20121021;20121021;3;5;20;20;0;0;C121
20121101;20121109;20121112;4;9;8;11;1;3;C122
20121201;20121209;20121209;3;9;8;8;0;0;C123
20130101;20130106;20130106;5;1;5;5;0;0;C100
20130201;20130206;20130206;2;4;5;5;0;0;C101
20130301;20130304;20130304;3;5;3;3;0;0;C102
20130401;20130417;20130417;3;8;16;16;0;0;C103
20130501;20130503;20130503;1;3;2;2;0;0;C104
20130601;20130617;20130617;3;2;16;16;0;0;C105
20130701;20130703;20130704;2;5;2;3;1;1;C106
20130801;20130808;20130808;4;8;7;7;0;0;C107
20130901;20130910;20130910;2;10;9;9;0;0;C108
20131001;20131017;20131020;4;10;16;19;1;3;C109
20131101;20131118;20131122;3;1;17;21;1;4;C110
20131201;20131215;20131215;2;7;14;14;0;0;C111
20120101;20120109;20120109;1;6;8;8;0;0;C112
20120201;20120209;20120209;5;7;8;8;0;0;C113
20120301;20120310;20120310;1;2;9;9;0;0;C114
20120401;20120416;20120417;5;7;15;16;1;1;C115
20120501;20120520;20120524;2;3;19;23;1;4;C116
20120601;20120614;20120616;5;7;13;15;1;2;C117
20120701;20120703;20120703;2;3;2;2;0;0;C118
20120801;20120808;20120809;3;2;7;8;1;1;C119
20120901;20120912;20120912;1;10;11;11;0;0;C120
20121001;20121018;20121019;1;10;17;18;1;1;C121
20121101;20121114;20121114;3;1;13;13;0;0;C122
20121201;20121218;20121219;2;3;17;18;1;1;C123
20130101;20130102;20130102;2;3;1;1;0;0;C100
20130201;20130216;20130216;5;1;15;15;0;0;C101
20130301;20130321;20130321;4;3;20;20;0;0;C102
20130401;20130410;20130410;4;4;9;9;0;0;C103
20130501;20130505;20130505;4;4;4;4;0;0;C104
20130601;20130603;20130604;1;10;2;3;1;1;C105
20130701;20130706;20130706;2;8;5;5;0;0;C106
20130801;20130812;20130812;3;1;11;11;0;0;C107
20130901;20130902;20130902;3;5;1;1;0;0;C108
20131001;20131015;20131020;2;2;14;19;1;5;C109
20131101;20131109;20131111;2;3;8;10;1;2;C110
20131201;20131206;20131206;3;2;5;5;0;0;C111
20120101;20120109;20120111;4;5;8;10;1;2;C112
20120201;20120216;20120216;3;8;15;15;0;0;C113
20120301;20120305;20120305;2;7;4;4;0;0;C114
20120401;20120418;20120418;3;3;17;17;0;0;C115
20120501;20120503;20120503;5;6;2;2;0;0;C116
20120601;20120607;20120607;4;3;6;6;0;0;C117
20120701;20120710;20120712;1;3;9;11;1;2;C118
20120801;20120812;20120816;4;3;11;15;1;4;C119
20120901;20120915;20120920;5;1;14;19;1;5;C120
20121001;20121009;20121009;1;10;8;8;0;0;C121
20121101;20121114;20121114;5;7;13;13;0;0;C122
20121201;20121203;20121205;1;6;2;4;1;2;C123
20130101;20130104;20130106;4;5;3;5;1;2;C100
20130201;20130211;20130212;3;10;10;11;1;1;C101
20130301;20130318;20130319;4;7;17;18;1;1;C102
20130401;20130402;20130403;5;3;1;2;1;1;C103
20130501;20130515;20130517;1;6;14;16;1;2;C104
20130601;20130604;20130604;5;10;3;3;0;0;C105
20130701;20130709;20130709;4;8;8;8;0;0;C106
20130801;20130819;20130819;1;3;18;18;0;0;C107
20130901;20130907;20130909;5;2;6;8;1;2;C108
20131001;20131014;20131016;2;4;13;15;1;2;C109
20131101;20131109;20131109;4;10;8;8;0;0;C110
20131201;20131207;20131211;5;9;6;10;1;4;C111
20120101;20120114;20120114;1;4;13;13;0;0;C112
20120201;20120203;20120204;4;9;2;3;1;1;C113
20120301;20120307;20120312;4;2;6;11;1;5;C114
20120401;20120412;20120412;2;1;11;11;0;0;C115
20120501;20120520;20120524;1;4;19;23;1;4;C116
20120601;20120610;20120611;3;1;9;10;1;1;C117
20120701;20120711;20120711;1;3;10;10;0;0;C118
20120801;20120813;20120813;4;5;12;12;0;0;C119
20120901;20120907;20120907;4;7;6;6;0;0;C120
20121001;20121018;20121019;4;2;17;18;1;1;C121
20121101;20121121;20121122;3;7;20;21;1;1;C122
20121201;20121206;20121206;1;10;5;5;0;0;C123
20130101;20130115;20130116;2;1;14;15;1;1;C100
20130201;20130207;20130207;4;6;6;6;0;0;C101
20130301;20130309;20130312;4;10;8;11;1;3;C102
20130401;20130416;20130420;5;1;15;19;1;4;C103
20130501;20130519;20130519;3;3;18;18;0;0;C104
20130601;20130619;20130620;3;8;18;19;1;1;C105
20130701;20130706;20130706;5;6;5;5;0;0;C106
20130801;20130804;20130804;2;9;3;3;0;0;C107
20130901;20130916;20130917;4;10;15;16;1;1;C108
20131001;20131005;20131007;5;4;4;6;1;2;C109
20131101;20131110;20131113;3;3;9;12;1;3;C110
20131201;20131209;20131210;5;1;8;9;1;1;C111
20120101;20120114;20120114;1;7;13;13;0;0;C112
20120201;20120208;20120209;2;7;7;8;1;1;C113
20120301;20120317;20120318;3;5;16;17;1;1;C114
20120401;20120410;20120410;4;7;9;9;0;0;C115
20120501;20120512;20120513;3;8;11;12;1;1;C116
20120601;20120608;20120608;5;6;7;7;0;0;C117
20120701;20120702;20120702;5;2;1;1;0;0;C118
20120801;20120806;20120806;1;6;5;5;0;0;C119
20120901;20120908;20120910;1;3;7;9;1;2;C120
20121001;20121007;20121007;5;4;6;6;0;0;C121
20121101;20121121;20121121;4;7;20;20;0;0;C122
20121201;20121215;20121217;4;2;14;16;1;2;C123
20130101;20130103;20130107;1;5;2;6;1;4;C100
20130201;20130221;20130221;2;7;20;20;0;0;C101
20130301;20130307;20130307;4;9;6;6;0;0;C102
20130401;20130414;20130414;2;9;13;13;0;0;C103
20130501;20130506;20130506;4;10;5;5;0;0;C104
20130601;20130618;20130618;3;1;17;17;0;0;C105
20130701;20130704;20130704;3;1;3;3;0;0;C106
20130801;20130817;20130818;3;10;16;17;1;1;C107
20130901;20130920;20130922;2;3;19;21;1;2;C108
20131001;20131017;20131018;3;9;16;17;1;1;C109
20131101;20131117;20131117;5;4;16;16;0;0;C110
20131201;20131205;20131206;5;8;4;5;1;1;C111
20120101;20120121;20120121;2;7;20;20;0;0;C112
20120201;20120215;20120215;2;9;14;14;0;0;C113
20120301;20120302;20120303;4;10;1;2;1;1;C114
20120401;20120403;20120403;2;9;2;2;0;0;C115
20120501;20120506;20120506;3;7;5;5;0;0;C116
20120601;20120620;20120622;1;9;19;21;1;2;C117
20120701;20120710;20120710;1;2;9;9;0;0;C118
20120801;20120813;20120813;1;6;12;12;0;0;C119
20120901;20120917;20120919;1;5;16;18;1;2;C120
20121001;20121014;20121015;3;1;13;14;1;1;C121
20121101;20121117;20121118;2;10;16;17;1;1;C122
20121201;20121206;20121207;3;10;5;6;1;1;C123
20130101;20130114;20130116;3;7;13;15;1;2;C100
20130201;20130207;20130207;3;1;6;6;0;0;C101
20130301;20130307;20130308;2;5;6;7;1;1;C102
20130401;20130421;20130421;4;3;20;20;0;0;C103
20130501;20130509;20130511;3;2;8;10;1;2;C104
20130601;20130621;20130621;4;8;20;20;0;0;C105
20130701;20130713;20130716;2;4;12;15;1;3;C106
20130801;20130814;20130814;4;2;13;13;0;0;C107
20130901;20130916;20130916;3;4;15;15;0;0;C108
20131001;20131007;20131008;2;3;6;7;1;1;C109
20131101;20131105;20131107;1;4;4;6;1;2;C110
20131201;20131220;20131220;2;8;19;19;0;0;C111
20120101;20120110;20120111;3;1;9;10;1;1;C112
20120201;20120217;20120217;1;9;16;16;0;0;C113
20120301;20120314;20120315;5;1;13;14;1;1;C114
20120401;20120403;20120404;2;8;2;3;1;1;C115
20120501;20120514;20120514;3;1;13;13;0;0;C116
20120601;20120611;20120611;1;4;10;10;0;0;C117
20120701;20120721;20120723;2;1;20;22;1;2;C118
20120801;20120811;20120811;2;9;10;10;0;0;C119
20120901;20120906;20120907;4;9;5;6;1;1;C120
20121001;20121004;20121004;4;10;3;3;0;0;C121
20121101;20121108;20121109;3;6;7;8;1;1;C122
20121201;20121209;20121209;1;4;8;8;0;0;C123
20130101;20130117;20130122;5;1;16;21;1;5;C100
20130201;20130203;20130205;5;7;2;4;1;2;C101
20130301;20130320;20130324;1;7;19;23;1;4;C102
20130401;20130403;20130408;2;5;2;7;1;5;C103
20130501;20130514;20130514;1;9;13;13;0;0;C104
20130601;20130620;20130621;3;5;19;20;1;1;C105
20130701;20130720;20130721;5;7;19;20;1;1;C106
20130801;20130812;20130813;3;1;11;12;1;1;C107
20130901;20130917;20130917;5;2;16;16;0;0;C108
20131001;20131004;20131004;2;3;3;3;0;0;C109
20131101;20131120;20131120;2;2;19;19;0;0;C110
20131201;20131208;20131209;3;8;7;8;1;1;C111
20120101;20120107;20120107;2;10;6;6;0;0;C112
20120201;20120209;20120209;1;2;8;8;0;0;C113
20120301;20120314;20120314;1;3;13;13;0;0;C114
20120401;20120406;20120407;5;2;5;6;1;1;C115
20120501;20120502;20120502;5;5;1;1;0;0;C116
20120601;20120618;20120619;4;9;17;18;1;1;C117
20120701;20120702;20120702;3;7;1;1;0;0;C118
20120801;20120807;20120807;5;3;6;6;0;0;C119
20120901;20120906;20120908;3;10;5;7;1;2;C120
20121001;20121004;20121004;5;4;3;3;0;0;C121
20121101;20121115;20121115;4;2;14;14;0;0;C122
20121201;20121215;20121217;2;5;14;16;1;2;C123
20130101;20130104;20130104;2;5;3;3;0;0;C100
20130201;20130217;20130217;3;2;16;16;0;0;C101
20130301;20130321;20130321;3;8;20;20;0;0;C102
20130401;20130411;20130412;3;6;10;11;1;1;C103
20130501;20130518;20130518;5;7;17;17;0;0;C104
20130601;20130605;20130608;2;8;4;7;1;3;C105
20130701;20130720;20130721;5;7;19;20;1;1;C106
20130801;20130814;20130814;2;5;13;13;0;0;C107
20130901;20130905;20130906;3;2;4;5;1;1;C108
20131001;20131018;20131020;5;2;17;19;1;2;C109
20131101;20131102;20131106;5;4;1;5;1;4;C110
20131201;20131220;20131220;3;9;19;19;0;0;C111
20120101;20120108;20120108;2;9;7;7;0;0;C112
20120201;20120217;20120217;3;10;16;16;0;0;C113
20120301;20120310;20120313;2;9;9;12;1;3;C114
20120401;20120402;20120405;2;5;1;4;1;3;C115
20120501;20120514;20120518;2;9;13;17;1;4;C116
20120601;20120619;20120620;5;10;18;19;1;1;C117
20120701;20120703;20120705;2;4;2;4;1;2;C118
20120801;20120819;20120819;4;8;18;18;0;0;C119
20120901;20120914;20120916;5;2;13;15;1;2;C120
20121001;20121020;20121020;2;9;19;19;0;0;C121
20121101;20121121;20121125;3;2;20;24;1;4;C122
20121201;20121210;20121213;2;2;9;12;1;3;C123
20130101;20130120;20130121;2;6;19;20;1;1;C100
20130201;20130203;20130207;1;7;2;6;1;4;C101
20130301;20130321;20130323;1;9;20;22;1;2;C102
20130401;20130415;20130417;2;3;14;16;1;2;C103
20130501;20130514;20130514;5;6;13;13;0;0;C104
20130601;20130607;20130611;3;4;6;10;1;4;C105
20130701;20130709;20130709;1;3;8;8;0;0;C106
20130801;20130816;20130816;3;5;15;15;0;0;C107
20130901;20130909;20130911;5;2;8;10;1;2;C108
20131001;20131016;20131017;4;5;15;16;1;1;C109
20131101;20131114;20131115;1;9;13;14;1;1;C110
20131201;20131213;20131213;5;9;12;12;0;0;C111
20120101;20120118;20120118;1;8;17;17;0;0;C112
20120201;20120208;20120209;2;10;7;8;1;1;C113
20120301;20120321;20120321;2;3;20;20;0;0;C114
20120401;20120405;20120405;2;6;4;4;0;0;C115
20120501;20120514;20120514;3;8;13;13;0;0;C116
20120601;20120614;20120621;3;8;13;20;1;7;C117
20120701;20120703;20120703;2;1;2;2;0;0;C118
20120801;20120816;20120816;5;5;15;15;0;0;C119
20120901;20120911;20120916;5;8;10;15;1;5;C120
20121001;20121002;20121002;3;2;1;1;0;0;C121
20121101;20121105;20121105;5;8;4;4;0;0;C122
20121201;20121221;20121221;3;2;20;20;0;0;C123
20130101;20130103;20130107;3;9;2;6;1;4;C100
20130201;20130207;20130208;1;4;6;7;1;1;C101
20130301;20130308;20130311;5;8;7;10;1;3;C102
20130401;20130410;20130410;5;7;9;9;0;0;C103
20130501;20130506;20130506;3;4;5;5;0;0;C104
20130601;20130616;20130621;4;8;15;20;1;5;C105
20130701;20130709;20130709;5;3;8;8;0;0;C106
20130801;20130809;20130809;3;4;8;8;0;0;C107
20130901;20130903;20130903;4;10;2;2;0;0;C108
20131001;20131008;20131009;5;5;7;8;1;1;C109
20131101;20131102;20131102;4;3;1;1;0;0;C110
20131201;20131212;20131212;1;7;11;11;0;0;C111
20120101;20120104;20120104;4;3;3;3;0;0;C112
20120201;20120207;20120207;5;9;6;6;0;0;C113
20120301;20120302;20120303;2;8;1;2;1;1;C114
20120401;20120411;20120414;1;10;10;13;1;3;C115
20120501;20120504;20120505;1;2;3;4;1;1;C116
20120601;20120605;20120605;5;6;4;4;0;0;C117
20120701;20120719;20120722;5;4;18;21;1;3;C118
20120801;20120818;20120818;5;10;17;17;0;0;C119
20120901;20120915;20120915;1;9;14;14;0;0;C120
20121001;20121016;20121016;3;4;15;15;0;0;C121
20121101;20121103;20121103;2;5;2;2;0;0;C122
20121201;20121213;20121215;3;7;12;14;1;2;C123
20130101;20130111;20130111;2;7;10;10;0;0;C100
20130201;20130214;20130214;5;5;13;13;0;0;C101
20130301;20130314;20130315;1;9;13;14;1;1;C102
20130401;20130409;20130409;3;9;8;8;0;0;C103
20130501;20130519;20130519;1;7;18;18;0;0;C104
20130601;20130610;20130610;2;4;9;9;0;0;C105
20130701;20130703;20130704;3;3;2;3;1;1;C106
20130801;20130819;20130819;5;6;18;18;0;0;C107
20130901;20130910;20130910;2;5;9;9;0;0;C108
20131001;20131010;20131010;4;9;9;9;0;0;C109
20131101;20131107;20131111;3;10;6;10;1;4;C110
20131201;20131209;20131210;5;5;8;9;1;1;C111
20120101;20120104;20120104;4;10;3;3;0;0;C112
20120201;20120221;20120224;5;1;20;23;1;3;C113
20120301;20120316;20120316;4;5;15;15;0;0;C114
20120401;20120410;20120410;3;3;9;9;0;0;C115
20120501;20120515;20120516;3;10;14;15;1;1;C116
20120601;20120618;20120618;5;7;17;17;0;0;C117
20120701;20120716;20120716;5;3;15;15;0;0;C118
20120801;20120812;20120814;2;8;11;13;1;2;C119
20120901;20120911;20120911;3;10;10;10;0;0;C120
20121001;20121009;20121010;3;9;8;9;1;1;C121
20121101;20121120;20121120;3;1;19;19;0;0;C122
20121201;20121204;20121204;4;2;3;3;0;0;C123
20130101;20130118;20130120;5;6;17;19;1;2;C100
20130201;20130215;20130215;3;4;14;14;0;0;C101
20130301;20130308;20130310;3;6;7;9;1;2;C102
20130401;20130419;20130420;5;10;18;19;1;1;C103
20130501;20130502;20130502;5;9;1;1;0;0;C104
20130601;20130608;20130610;2;8;7;9;1;2;C105
20130701;20130706;20130706;5;4;5;5;0;0;C106
20130801;20130818;20130818;5;6;17;17;0;0;C107
20130901;20130908;20130910;1;5;7;9;1;2;C108
20131001;20131007;20131009;1;4;6;8;1;2;C109
20131101;20131111;20131112;2;8;10;11;1;1;C110
20131201;20131212;20131212;5;4;11;11;0;0;C111
20120101;20120117;20120118;4;10;16;17;1;1;C112
20120201;20120218;20120218;1;2;17;17;0;0;C113
20120301;20120306;20120306;1;2;5;5;0;0;C114
20120401;20120417;20120417;3;1;16;16;0;0;C115
20120501;20120502;20120502;1;10;1;1;0;0;C116
20120601;20120604;20120604;5;5;3;3;0;0;C117
20120701;20120702;20120702;4;10;1;1;0;0;C118
20120801;20120811;20120812;5;4;10;11;1;1;C119
20120901;20120918;20120919;5;6;17;18;1;1;C120
20121001;20121009;20121009;5;4;8;8;0;0;C121
20121101;20121102;20121102;2;2;1;1;0;0;C122
20121201;20121220;20121221;3;7;19;20;1;1;C123
20130101;20130117;20130118;2;10;16;17;1;1;C100
20130201;20130216;20130218;5;5;15;17;1;2;C101
20130301;20130310;20130311;3;10;9;10;1;1;C102
20130401;20130420;20130422;4;7;19;21;1;2;C103
20130501;20130503;20130503;5;7;2;2;0;0;C104
20130601;20130605;20130605;5;6;4;4;0;0;C105
20130701;20130719;20130719;2;10;18;18;0;0;C106
20130801;20130815;20130815;2;6;14;14;0;0;C107
20130901;20130907;20130907;4;1;6;6;0;0;C108
20131001;20131005;20131006;5;3;4;5;1;1;C109
20131101;20131116;20131116;3;7;15;15;0;0;C110
20131201;20131221;20131221;5;2;20;20;0;0;C111
20120101;20120105;20120105;2;8;4;4;0;0;C112
20120201;20120207;20120208;1;2;6;7;1;1;C113
20120301;20120308;20120308;3;7;7;7;0;0;C114
20120401;20120413;20120418;1;5;12;17;1;5;C115
20120501;20120518;20120519;5;3;17;18;1;1;C116
20120601;20120602;20120603;1;10;1;2;1;1;C117
20120701;20120715;20120715;1;6;14;14;0;0;C118
20120801;20120812;20120814;2;5;11;13;1;2;C119
20120901;20120915;20120915;2;9;14;14;0;0;C120
20121001;20121005;20121006;4;10;4;5;1;1;C121
20121101;20121121;20121122;5;2;20;21;1;1;C122
20121201;20121220;20121226;5;6;19;25;1;6;C123
20130101;20130106;20130108;5;7;5;7;1;2;C100
20130201;20130218;20130218;1;4;17;17;0;0;C101
20130301;20130309;20130312;3;3;8;11;1;3;C102
20130401;20130413;20130413;1;9;12;12;0;0;C103
20130501;20130502;20130502;4;2;1;1;0;0;C104
20130601;20130611;20130613;5;7;10;12;1;2;C105
20130701;20130711;20130712;1;2;10;11;1;1;C106
20130801;20130813;20130814;4;9;12;13;1;1;C107
20130901;20130912;20130917;3;5;11;16;1;5;C108
20131001;20131010;20131011;1;9;9;10;1;1;C109
20131101;20131114;20131115;3;10;13;14;1;1;C110
20131201;20131218;20131221;3;9;17;20;1;3;C111
20120101;20120102;20120106;3;1;1;5;1;4;C112
20120201;20120207;20120207;4;5;6;6;0;0;C113
20120301;20120303;20120305;5;5;2;4;1;2;C114
20120401;20120418;20120420;4;9;17;19;1;2;C115
20120501;20120518;20120519;2;8;17;18;1;1;C116
20120601;20120609;20120609;4;6;8;8;0;0;C117
20120701;20120719;20120719;2;3;18;18;0;0;C118
20120801;20120815;20120815;5;6;14;14;0;0;C119
20120901;20120905;20120906;1;1;4;5;1;1;C120
20121001;20121006;20121006;3;8;5;5;0;0;C121
20121101;20121105;20121106;5;6;4;5;1;1;C122
20121201;20121208;20121213;4;2;7;12;1;5;C123
20130101;20130103;20130103;1;10;2;2;0;0;C100
20130201;20130209;20130209;1;7;8;8;0;0;C101
20130301;20130313;20130315;3;6;12;14;1;2;C102
20130401;20130405;20130405;1;4;4;4;0;0;C103
20130501;20130507;20130507;2;3;6;6;0;0;C104
20130601;20130613;20130613;5;4;12;12;0;0;C105
20130701;20130714;20130714;3;9;13;13;0;0;C106
20130801;20130807;20130808;4;2;6;7;1;1;C107
20130901;20130904;20130904;4;8;3;3;0;0;C108
20131001;20131002;20131003;3;2;1;2;1;1;C109
20131101;20131109;20131109;5;8;8;8;0;0;C110
20131201;20131218;20131218;4;3;17;17;0;0;C111
20120101;20120108;20120109;5;5;7;8;1;1;C112
20120201;20120202;20120202;3;5;1;1;0;0;C113
20120301;20120315;20120316;4;4;14;15;1;1;C114
20120401;20120409;20120410;5;6;8;9;1;1;C115
20120501;20120511;20120511;4;1;10;10;0;0;C116
20120601;20120620;20120623;5;1;19;22;1;3;C117
20120701;20120721;20120721;2;9;20;20;0;0;C118
20120801;20120806;20120806;5;2;5;5;0;0;C119
20120901;20120913;20120913;4;2;12;12;0;0;C120
20121001;20121015;20121015;1;9;14;14;0;0;C121
20121101;20121102;20121102;4;3;1;1;0;0;C122
20121201;20121219;20121225;4;10;18;24;1;6;C123
20130101;20130104;20130105;2;6;3;4;1;1;C100
20130201;20130206;20130207;4;10;5;6;1;1;C101
20130301;20130305;20130307;1;2;4;6;1;2;C102
20130401;20130410;20130413;1;9;9;12;1;3;C103
20130501;20130502;20130506;1;10;1;5;1;4;C104
20130601;20130602;20130606;1;1;1;5;1;4;C105
20130701;20130712;20130712;4;10;11;11;0;0;C106
20130801;20130809;20130814;1;1;8;13;1;5;C107
20130901;20130916;20130917;1;7;15;16;1;1;C108
20131001;20131016;20131019;3;5;15;18;1;3;C109
20131101;20131114;20131115;4;3;13;14;1;1;C110
20131201;20131215;20131215;5;7;14;14;0;0;C111
20120101;20120121;20120126;2;9;20;25;1;5;C112
20120201;20120211;20120214;1;8;10;13;1;3;C113
20120301;20120306;20120307;4;10;5;6;1;1;C114
20120401;20120406;20120407;4;6;5;6;1;1;C115
20120501;20120502;20120508;3;10;1;7;1;6;C116
20120601;20120611;20120611;3;3;10;10;0;0;C117
20120701;20120704;20120705;5;6;3;4;1;1;C118
20120801;20120808;20120809;5;6;7;8;1;1;C119
20120901;20120918;20120920;4;1;17;19;1;2;C120
20121001;20121014;20121014;4;2;13;13;0;0;C121
20121101;20121114;20121114;2;2;13;13;0;0;C122
20121201;20121205;20121205;1;10;4;4;0;0;C123
20130101;20130119;20130120;2;8;18;19;1;1;C100
20130201;20130219;20130222;3;6;18;21;1;3;C101
20130301;20130306;20130309;5;5;5;8;1;3;C102
20130401;20130409;20130409;1;7;8;8;0;0;C103
20130501;20130520;20130522;2;1;19;21;1;2;C104
20130601;20130619;20130622;3;4;18;21;1;3;C105
20130701;20130719;20130720;5;9;18;19;1;1;C106
20130801;20130809;20130811;4;4;8;10;1;2;C107
20130901;20130909;20130909;3;1;8;8;0;0;C108
20131001;20131020;20131021;3;1;19;20;1;1;C109
20131101;20131121;20131121;2;1;20;20;0;0;C110
20131201;20131207;20131207;1;10;6;6;0;0;C111
20120101;20120116;20120116;5;4;15;15;0;0;C112
20120201;20120207;20120208;4;4;6;7;1;1;C113
20120301;20120308;20120308;2;8;7;7;0;0;C114
20120401;20120411;20120411;5;6;10;10;0;0;C115
20120501;20120502;20120503;5;6;1;2;1;1;C116
20120601;20120617;20120617;5;6;16;16;0;0;C117
20120701;20120703;20120703;2;8;2;2;0;0;C118
20120801;20120803;20120804;5;10;2;3;1;1;C119
20120901;20120904;20120904;4;8;3;3;0;0;C120
20121001;20121011;20121013;4;1;10;12;1;2;C121
20121101;20121107;20121109;1;9;6;8;1;2;C122
20121201;20121218;20121218;3;5;17;17;0;0;C123
20130101;20130119;20130119;2;3;18;18;0;0;C100
20130201;20130209;20130209;3;8;8;8;0;0;C101
20130301;20130312;20130320;1;9;11;19;1;8;C102
20130401;20130406;20130407;2;2;5;6;1;1;C103
20130501;20130520;20130520;1;7;19;19;0;0;C104
20130601;20130605;20130605;2;5;4;4;0;0;C105
20130701;20130703;20130703;2;7;2;2;0;0;C106
20130801;20130810;20130810;5;3;9;9;0;0;C107
20130901;20130917;20130917;5;5;16;16;0;0;C108
20131001;20131010;20131010;1;6;9;9;0;0;C109
20131101;20131111;20131115;2;2;10;14;1;4;C110
20131201;20131213;20131216;1;3;12;15;1;3;C111
20120101;20120121;20120121;4;4;20;20;0;0;C112
20120201;20120212;20120214;4;6;11;13;1;2;C113
20120301;20120314;20120314;1;8;13;13;0;0;C114
20120401;20120411;20120411;5;6;10;10;0;0;C115
20120501;20120514;20120514;2;4;13;13;0;0;C116
20120601;20120618;20120619;5;1;17;18;1;1;C117
20120701;20120716;20120716;4;4;15;15;0;0;C118
20120801;20120805;20120805;3;2;4;4;0;0;C119
20120901;20120904;20120909;3;8;3;8;1;5;C120
20121001;20121013;20121019;2;2;12;18;1;6;C121
20121101;20121120;20121120;3;8;19;19;0;0;C122
20121201;20121215;20121215;1;9;14;14;0;0;C123
20130101;20130102;20130102;4;8;1;1;0;0;C100
20130201;20130202;20130202;2;4;1;1;0;0;C101
20130301;20130309;20130309;2;4;8;8;0;0;C102
20130401;20130410;20130412;5;6;9;11;1;2;C103
20130501;20130518;20130518;1;8;17;17;0;0;C104
20130601;20130610;20130610;5;3;9;9;0;0;C105
20130701;20130704;20130706;3;10;3;5;1;2;C106
20130801;20130820;20130820;5;3;19;19;0;0;C107
20130901;20130919;20130919;4;6;18;18;0;0;C108
20131001;20131013;20131013;4;5;12;12;0;0;C109
20131101;20131115;20131115;3;1;14;14;0;0;C110
20131201;20131213;20131213;2;9;12;12;0;0;C111
20120101;20120107;20120107;1;10;6;6;0;0;C112
20120201;20120214;20120215;3;7;13;14;1;1;C113
20120301;20120302;20120302;4;6;1;1;0;0;C114
20120401;20120404;20120408;1;10;3;7;1;4;C115
20120501;20120515;20120515;5;6;14;14;0;0;C116
20120601;20120611;20120612;4;4;10;11;1;1;C117
20120701;20120710;20120710;5;8;9;9;0;0;C118
20120801;20120812;20120812;5;6;11;11;0;0;C119
20120901;20120909;20120909;2;3;8;8;0;0;C120
20121001;20121004;20121004;3;10;3;3;0;0;C121
20121101;20121119;20121119;3;9;18;18;0;0;C122
20121201;20121202;20121203;5;4;1;2;1;1;C123
20130101;20130119;20130124;3;9;18;23;1;5;C100
20130201;20130218;20130219;1;8;17;18;1;1;C101
20130301;20130311;20130311;5;4;10;10;0;0;C102
20130401;20130413;20130413;5;2;12;12;0;0;C103
20130501;20130503;20130505;3;10;2;4;1;2;C104
20130601;20130604;20130604;2;6;3;3;0;0;C105
20130701;20130708;20130708;3;6;7;7;0;0;C106
20130801;20130820;20130824;5;10;19;23;1;4;C107
20130901;20130920;20130920;3;10;19;19;0;0;C108
20131001;20131009;20131009;3;1;8;8;0;0;C109
20131101;20131108;20131109;5;10;7;8;1;1;C110
20131201;20131208;20131208;5;2;7;7;0;0;C111
20120101;20120104;20120104;3;4;3;3;0;0;C112
20120201;20120211;20120211;1;7;10;10;0;0;C113
20120301;20120317;20120319;4;5;16;18;1;2;C114
20120401;20120415;20120415;2;9;14;14;0;0;C115
20120501;20120519;20120523;4;8;18;22;1;4;C116
20120601;20120614;20120615;2;1;13;14;1;1;C117
20120701;20120702;20120704;1;7;1;3;1;2;C118
20120801;20120821;20120821;3;2;20;20;0;0;C119
20120901;20120908;20120908;4;3;7;7;0;0;C120
20121001;20121002;20121002;1;4;1;1;0;0;C121
20121101;20121117;20121117;1;5;16;16;0;0;C122
20121201;20121204;20121204;5;6;3;3;0;0;C123
20130101;20130112;20130114;3;2;11;13;1;2;C100
20130201;20130206;20130206;2;8;5;5;0;0;C101
20130301;20130319;20130319;1;10;18;18;0;0;C102
20130401;20130417;20130417;2;6;16;16;0;0;C103
20130501;20130509;20130509;3;9;8;8;0;0;C104
20130601;20130611;20130611;3;4;10;10;0;0;C105
20130701;20130718;20130724;2;7;17;23;1;6;C106
20130801;20130818;20130819;2;4;17;18;1;1;C107
20130901;20130918;20130918;1;5;17;17;0;0;C108
20131001;20131011;20131011;4;3;10;10;0;0;C109
20131101;20131115;20131115;1;9;14;14;0;0;C110
20131201;20131209;20131209;2;3;8;8;0;0;C111
20120101;20120115;20120116;4;3;14;15;1;1;C112
20120201;20120213;20120213;5;2;12;12;0;0;C113
20120301;20120309;20120309;4;6;8;8;0;0;C114
20120401;20120414;20120418;5;4;13;17;1;4;C115
20120501;20120504;20120504;1;8;3;3;0;0;C116
20120601;20120607;20120607;2;9;6;6;0;0;C117
20120701;20120709;20120709;1;9;8;8;0;0;C118
20120801;20120810;20120810;5;6;9;9;0;0;C119
20120901;20120904;20120905;2;5;3;4;1;1;C120
20121001;20121010;20121010;5;1;9;9;0;0;C121
20121101;20121105;20121110;3;8;4;9;1;5;C122
20121201;20121202;20121205;2;8;1;4;1;3;C123
20130101;20130120;20130120;5;2;19;19;0;0;C100
20130201;20130206;20130206;4;4;5;5;0;0;C101
20130301;20130305;20130306;1;1;4;5;1;1;C102
20130401;20130418;20130419;3;2;17;18;1;1;C103
20130501;20130518;20130518;5;5;17;17;0;0;C104
20130601;20130603;20130604;1;2;2;3;1;1;C105
20130701;20130720;20130720;3;4;19;19;0;0;C106
20130801;20130812;20130816;2;5;11;15;1;4;C107
20130901;20130915;20130917;2;5;14;16;1;2;C108
20131001;20131002;20131002;2;8;1;1;0;0;C109
20131101;20131103;20131103;5;4;2;2;0;0;C110
20131201;20131207;20131208;4;7;6;7;1;1;C111
20120101;20120110;20120110;5;6;9;9;0;0;C112
20120201;20120216;20120217;2;8;15;16;1;1;C113
20120301;20120304;20120304;1;10;3;3;0;0;C114
20120401;20120415;20120416;2;9;14;15;1;1;C115
20120501;20120504;20120505;2;7;3;4;1;1;C116
20120601;20120620;20120622;1;8;19;21;1;2;C117
20120701;20120713;20120713;1;2;12;12;0;0;C118
20120801;20120820;20120821;1;10;19;20;1;1;C119
20120901;20120909;20120911;4;1;8;10;1;2;C120
20121001;20121005;20121005;2;4;4;4;0;0;C121
20121101;20121107;20121109;3;1;6;8;1;2;C122
20121201;20121203;20121204;5;10;2;3;1;1;C123
20130101;20130113;20130113;4;8;12;12;0;0;C100
20130201;20130215;20130215;1;9;14;14;0;0;C101
20130301;20130310;20130312;3;1;9;11;1;2;C102
20130401;20130417;20130417;3;3;16;16;0;0;C103
20130501;20130521;20130522;4;2;20;21;1;1;C104
20130601;20130612;20130613;3;6;11;12;1;1;C105
20130701;20130711;20130711;3;8;10;10;0;0;C106
20130801;20130812;20130816;3;10;11;15;1;4;C107
20130901;20130905;20130906;5;8;4;5;1;1;C108
20131001;20131017;20131017;3;3;16;16;0;0;C109
20131101;20131119;20131124;4;1;18;23;1;5;C110
20131201;20131214;20131215;1;7;13;14;1;1;C111
20120101;20120105;20120106;5;4;4;5;1;1;C112
20120201;20120204;20120204;2;8;3;3;0;0;C113
20120301;20120303;20120303;5;1;2;2;0;0;C114
20120401;20120419;20120419;4;5;18;18;0;0;C115
20120501;20120505;20120506;1;3;4;5;1;1;C116
20120601;20120605;20120611;4;1;4;10;1;6;C117
20120701;20120716;20120716;2;1;15;15;0;0;C118
20120801;20120820;20120820;3;1;19;19;0;0;C119
20120901;20120911;20120911;2;1;10;10;0;0;C120
20121001;20121020;20121021;2;6;19;20;1;1;C121
20121101;20121116;20121116;5;8;15;15;0;0;C122
20121201;20121220;20121220;3;6;19;19;0;0;C123
20130101;20130103;20130109;1;1;2;8;1;6;C100
20130201;20130217;20130220;5;6;16;19;1;3;C101
20130301;20130314;20130316;4;6;13;15;1;2;C102
20130401;20130403;20130403;4;7;2;2;0;0;C103
20130501;20130507;20130509;4;6;6;8;1;2;C104
20130601;20130612;20130613;5;3;11;12;1;1;C105
20130701;20130717;20130717;2;8;16;16;0;0;C106
20130801;20130811;20130811;1;5;10;10;0;0;C107
20130901;20130911;20130911;3;4;10;10;0;0;C108
20131001;20131018;20131019;5;1;17;18;1;1;C109
20131101;20131109;20131110;4;5;8;9;1;1;C110
20131201;20131216;20131219;5;8;15;18;1;3;C111
20120101;20120103;20120103;2;8;2;2;0;0;C112
20120201;20120209;20120211;3;4;8;10;1;2;C113
20120301;20120308;20120311;2;2;7;10;1;3;C114
20120401;20120403;20120405;5;3;2;4;1;2;C115
20120501;20120510;20120510;3;1;9;9;0;0;C116
20120601;20120603;20120605;3;7;2;4;1;2;C117
20120701;20120718;20120719;1;1;17;18;1;1;C118
20120801;20120813;20120815;3;9;12;14;1;2;C119
20120901;20120910;20120910;2;3;9;9;0;0;C120
20121001;20121007;20121007;2;2;6;6;0;0;C121
20121101;20121113;20121113;5;1;12;12;0;0;C122
20121201;20121211;20121212;4;7;10;11;1;1;C123
20130101;20130118;20130121;2;8;17;20;1;3;C100
20130201;20130219;20130220;3;7;18;19;1;1;C101
20130301;20130303;20130304;4;3;2;3;1;1;C102
20130401;20130404;20130404;5;7;3;3;0;0;C103
20130501;20130503;20130507;4;7;2;6;1;4;C104
20130601;20130618;20130618;2;1;17;17;0;0;C105
20130701;20130716;20130716;5;6;15;15;0;0;C106
20130801;20130802;20130802;2;1;1;1;0;0;C107
20130901;20130920;20130921;4;2;19;20;1;1;C108
20131001;20131013;20131019;5;3;12;18;1;6;C109
20131101;20131106;20131109;1;6;5;8;1;3;C110
20131201;20131202;20131202;2;7;1;1;0;0;C111
20120101;20120121;20120127;1;1;20;26;1;6;C112
20120201;20120210;20120212;5;10;9;11;1;2;C113
20120301;20120311;20120311;2;6;10;10;0;0;C114
20120401;20120409;20120409;3;10;8;8;0;0;C115
20120501;20120506;20120508;2;8;5;7;1;2;C116
20120601;20120604;20120605;1;2;3;4;1;1;C117
20120701;20120706;20120706;4;1;5;5;0;0;C118
20120801;20120802;20120805;3;2;1;4;1;3;C119
20120901;20120914;20120914;3;9;13;13;0;0;C120
20121001;20121004;20121004;2;1;3;3;0;0;C121
20121101;20121115;20121115;3;6;14;14;0;0;C122
20121201;20121212;20121216;1;8;11;15;1;4;C123
20130101;20130112;20130112;5;10;11;11;0;0;C100
20130201;20130211;20130212;4;4;10;11;1;1;C101
20130301;20130321;20130321;4;5;20;20;0;0;C102
20130401;20130415;20130417;1;5;14;16;1;2;C103
20130501;20130520;20130522;4;3;19;21;1;2;C104
20130601;20130610;20130611;2;6;9;10;1;1;C105
20130701;20130705;20130706;2;2;4;5;1;1;C106
20130801;20130807;20130807;4;8;6;6;0;0;C107
20130901;20130920;20130922;2;7;19;21;1;2;C108
20131001;20131013;20131013;5;8;12;12;0;0;C109
20131101;20131111;20131114;4;6;10;13;1;3;C110
20131201;20131208;20131208;1;7;7;7;0;0;C111
20120101;20120110;20120111;5;1;9;10;1;1;C112
20120201;20120213;20120213;5;7;12;12;0;0;C113
20120301;20120320;20120320;5;9;19;19;0;0;C114
20120401;20120408;20120411;1;6;7;10;1;3;C115
20120501;20120517;20120517;5;1;16;16;0;0;C116
20120601;20120615;20120616;5;2;14;15;1;1;C117
20120701;20120714;20120715;4;6;13;14;1;1;C118
20120801;20120805;20120806;3;2;4;5;1;1;C119
20120901;20120914;20120916;4;3;13;15;1;2;C120
20121001;20121006;20121006;5;2;5;5;0;0;C121
20121101;20121108;20121109;3;9;7;8;1;1;C122
20121201;20121218;20121219;4;9;17;18;1;1;C123
20130101;20130116;20130118;5;10;15;17;1;2;C100
20130201;20130207;20130207;5;9;6;6;0;0;C101
20130301;20130317;20130318;1;3;16;17;1;1;C102
20130401;20130402;20130402;1;3;1;1;0;0;C103
20130501;20130505;20130505;2;1;4;4;0;0;C104
20130601;20130618;20130619;2;6;17;18;1;1;C105
20130701;20130719;20130719;4;1;18;18;0;0;C106
20130801;20130819;20130820;4;5;18;19;1;1;C107
20130901;20130907;20130907;1;7;6;6;0;0;C108
20131001;20131009;20131011;2;3;8;10;1;2;C109
20131101;20131121;20131124;4;4;20;23;1;3;C110
20131201;20131207;20131208;4;9;6;7;1;1;C111
20120101;20120106;20120106;2;6;5;5;0;0;C112
20120201;20120211;20120214;5;10;10;13;1;3;C113
20120301;20120302;20120303;3;6;1;2;1;1;C114
20120401;20120419;20120419;3;3;18;18;0;0;C115
20120501;20120513;20120514;4;6;12;13;1;1;C116
20120601;20120604;20120604;4;4;3;3;0;0;C117
20120701;20120721;20120724;5;2;20;23;1;3;C118
20120801;20120820;20120820;5;2;19;19;0;0;C119
20120901;20120920;20120923;2;7;19;22;1;3;C120
20121001;20121019;20121019;1;9;18;18;0;0;C121
20121101;20121104;20121105;1;1;3;4;1;1;C122
20121201;20121220;20121220;5;2;19;19;0;0;C123
20130101;20130108;20130108;2;7;7;7;0;0;C100
20130201;20130220;20130221;1;4;19;20;1;1;C101
20130301;20130309;20130310;2;4;8;9;1;1;C102
20130401;20130405;20130405;2;4;4;4;0;0;C103
20130501;20130514;20130518;1;4;13;17;1;4;C104
20130601;20130606;20130607;3;8;5;6;1;1;C105
20130701;20130710;20130710;4;6;9;9;0;0;C106
20130801;20130820;20130822;2;8;19;21;1;2;C107
20130901;20130921;20130923;3;3;20;22;1;2;C108
20131001;20131006;20131006;5;3;5;5;0;0;C109
20131101;20131104;20131104;3;7;3;3;0;0;C110
20131201;20131204;20131204;4;5;3;3;0;0;C111
20120101;20120113;20120113;3;8;12;12;0;0;C112
20120201;20120203;20120207;2;7;2;6;1;4;C113
20120301;20120315;20120316;3;7;14;15;1;1;C114
20120401;20120418;20120420;3;9;17;19;1;2;C115
20120501;20120512;20120513;3;7;11;12;1;1;C116
20120601;20120614;20120615;1;9;13;14;1;1;C117
20120701;20120712;20120713;5;6;11;12;1;1;C118
20120801;20120805;20120808;2;8;4;7;1;3;C119
20120901;20120918;20120919;3;1;17;18;1;1;C120
20121001;20121013;20121014;5;2;12;13;1;1;C121
20121101;20121102;20121103;2;9;1;2;1;1;C122
20121201;20121221;20121221;3;9;20;20;0;0;C123
20130101;20130114;20130116;2;6;13;15;1;2;C100
20130201;20130205;20130205;1;4;4;4;0;0;C101
20130301;20130306;20130310;1;9;5;9;1;4;C102
20130401;20130402;20130402;2;10;1;1;0;0;C103
20130501;20130511;20130512;4;2;10;11;1;1;C104
20130601;20130607;20130610;2;4;6;9;1;3;C105
20130701;20130716;20130716;3;2;15;15;0;0;C106
20130801;20130816;20130816;4;9;15;15;0;0;C107
20130901;20130911;20130913;5;5;10;12;1;2;C108
20131001;20131021;20131023;5;9;20;22;1;2;C109
20131101;20131105;20131108;2;4;4;7;1;3;C110
20131201;20131217;20131218;4;6;16;17;1;1;C111
20120101;20120117;20120117;3;2;16;16;0;0;C112
20120201;20120206;20120207;4;2;5;6;1;1;C113
20120301;20120314;20120314;1;9;13;13;0;0;C114
20120401;20120414;20120414;1;10;13;13;0;0;C115
20120501;20120512;20120512;3;9;11;11;0;0;C116
20120601;20120616;20120623;1;1;15;22;1;7;C117
20120701;20120702;20120707;5;2;1;6;1;5;C118
20120801;20120809;20120810;4;8;8;9;1;1;C119
20120901;20120909;20120911;1;6;8;10;1;2;C120
20121001;20121010;20121010;1;9;9;9;0;0;C121
20121101;20121109;20121112;2;10;8;11;1;3;C122
20121201;20121214;20121214;3;3;13;13;0;0;C123
20130101;20130115;20130115;2;5;14;14;0;0;C100
20130201;20130217;20130217;2;5;16;16;0;0;C101
20130301;20130308;20130308;4;10;7;7;0;0;C102
20130401;20130408;20130410;1;4;7;9;1;2;C103
20130501;20130508;20130510;3;5;7;9;1;2;C104
20130601;20130613;20130613;4;7;12;12;0;0;C105
20130701;20130704;20130704;5;1;3;3;0;0;C106
20130801;20130804;20130806;5;7;3;5;1;2;C107
20130901;20130909;20130910;2;3;8;9;1;1;C108
20131001;20131018;20131020;1;7;17;19;1;2;C109
20131101;20131118;20131119;5;9;17;18;1;1;C110
20131201;20131209;20131209;1;9;8;8;0;0;C111
20120101;20120114;20120114;2;4;13;13;0;0;C112
20120201;20120203;20120203;4;2;2;2;0;0;C113
20120301;20120308;20120309;2;2;7;8;1;1;C114
20120401;20120409;20120409;3;1;8;8;0;0;C115
20120501;20120502;20120503;4;4;1;2;1;1;C116
20120601;20120612;20120612;5;1;11;11;0;0;C117
20120701;20120705;20120705;2;5;4;4;0;0;C118
20120801;20120813;20120815;5;2;12;14;1;2;C119
20120901;20120907;20120908;1;7;6;7;1;1;C120
20121001;20121009;20121010;2;4;8;9;1;1;C121
20121101;20121113;20121116;3;3;12;15;1;3;C122
20121201;20121206;20121207;2;9;5;6;1;1;C123
20130101;20130118;20130118;3;7;17;17;0;0;C100
20130201;20130209;20130210;2;2;8;9;1;1;C101
20130301;20130315;20130315;1;3;14;14;0;0;C102
20130401;20130412;20130413;1;3;11;12;1;1;C103
20130501;20130513;20130513;1;7;12;12;0;0;C104
20130601;20130612;20130613;3;10;11;12;1;1;C105
20130701;20130720;20130720;1;9;19;19;0;0;C106
20130801;20130819;20130824;3;5;18;23;1;5;C107
20130901;20130916;20130916;4;6;15;15;0;0;C108
20131001;20131006;20131006;4;9;5;5;0;0;C109
20131101;20131118;20131118;3;10;17;17;0;0;C110
20131201;20131220;20131220;3;6;19;19;0;0;C111
20120101;20120109;20120109;5;2;8;8;0;0;C112
20120201;20120202;20120203;3;3;1;2;1;1;C113
20120301;20120317;20120317;5;6;16;16;0;0;C114
20120401;20120409;20120415;4;1;8;14;1;6;C115
20120501;20120515;20120516;5;1;14;15;1;1;C116
20120601;20120616;20120617;2;2;15;16;1;1;C117
20120701;20120715;20120715;4;2;14;14;0;0;C118
20120801;20120820;20120821;2;9;19;20;1;1;C119
20120901;20120912;20120913;5;4;11;12;1;1;C120
20121001;20121004;20121005;3;5;3;4;1;1;C121
20121101;20121108;20121109;3;9;7;8;1;1;C122
20121201;20121202;20121202;1;5;1;1;0;0;C123
20130101;20130121;20130126;3;7;20;25;1;5;C100
20130201;20130213;20130213;4;8;12;12;0;0;C101
20130301;20130317;20130320;2;9;16;19;1;3;C102
20130401;20130416;20130418;3;2;15;17;1;2;C103
20130501;20130521;20130522;5;2;20;21;1;1;C104
20130601;20130614;20130614;5;2;13;13;0;0;C105
20130701;20130704;20130704;3;9;3;3;0;0;C106
20130801;20130814;20130816;4;2;13;15;1;2;C107
20130901;20130906;20130906;2;3;5;5;0;0;C108
20131001;20131016;20131016;1;10;15;15;0;0;C109
20131101;20131113;20131113;1;5;12;12;0;0;C110
20131201;20131219;20131219;3;9;18;18;0;0;C111
20120101;20120106;20120110;3;4;5;9;1;4;C112
20120201;20120213;20120213;2;10;12;12;0;0;C113
20120301;20120304;20120305;5;2;3;4;1;1;C114
20120401;20120409;20120411;2;7;8;10;1;2;C115
20120501;20120519;20120522;1;9;18;21;1;3;C116
20120601;20120619;20120619;5;9;18;18;0;0;C117
20120701;20120708;20120708;1;5;7;7;0;0;C118
20120801;20120813;20120815;3;3;12;14;1;2;C119
20120901;20120910;20120911;4;10;9;10;1;1;C120
20121001;20121016;20121017;1;6;15;16;1;1;C121
20121101;20121104;20121105;2;9;3;4;1;1;C122
20121201;20121221;20121223;3;10;20;22;1;2;C123
20130101;20130118;20130119;5;4;17;18;1;1;C100
20130201;20130214;20130215;2;4;13;14;1;1;C101
20130301;20130312;20130313;1;8;11;12;1;1;C102
20130401;20130402;20130402;1;2;1;1;0;0;C103
20130501;20130503;20130503;3;2;2;2;0;0;C104
20130601;20130613;20130615;4;7;12;14;1;2;C105
20130701;20130708;20130708;3;2;7;7;0;0;C106
20130801;20130817;20130818;5;5;16;17;1;1;C107
20130901;20130917;20130918;2;6;16;17;1;1;C108
20131001;20131021;20131021;1;7;20;20;0;0;C109
20131101;20131114;20131114;3;4;13;13;0;0;C110
20131201;20131220;20131221;3;9;19;20;1;1;C111
20120101;20120105;20120106;3;8;4;5;1;1;C112
20120201;20120213;20120214;2;10;12;13;1;1;C113
20120301;20120302;20120303;2;9;1;2;1;1;C114
20120401;20120406;20120406;5;3;5;5;0;0;C115
20120501;20120520;20120521;2;4;19;20;1;1;C116
20120601;20120615;20120620;1;1;14;19;1;5;C117
20120701;20120717;20120719;5;5;16;18;1;2;C118
20120801;20120808;20120808;5;2;7;7;0;0;C119
20120901;20120905;20120905;1;5;4;4;0;0;C120
20121001;20121015;20121015;1;10;14;14;0;0;C121
20121101;20121115;20121115;2;5;14;14;0;0;C122
20121201;20121206;20121207;3;3;5;6;1;1;C123
20130101;20130104;20130104;4;5;3;3;0;0;C100
20130201;20130206;20130206;2;4;5;5;0;0;C101
20130301;20130311;20130312;5;1;10;11;1;1;C102
20130401;20130416;20130417;4;6;15;16;1;1;C103
20130501;20130519;20130519;3;3;18;18;0;0;C104
20130601;20130616;20130616;3;7;15;15;0;0;C105
20130701;20130719;20130719;5;9;18;18;0;0;C106
20130801;20130805;20130807;5;10;4;6;1;2;C107
20130901;20130914;20130914;3;10;13;13;0;0;C108
20131001;20131008;20131013;4;6;7;12;1;5;C109
20131101;20131117;20131117;3;9;16;16;0;0;C110
20131201;20131214;20131214;5;6;13;13;0;0;C111
20120101;20120117;20120117;5;5;16;16;0;0;C112
20120201;20120215;20120216;3;3;14;15;1;1;C113
20120301;20120315;20120320;4;9;14;19;1;5;C114
20120401;20120417;20120418;3;2;16;17;1;1;C115
20120501;20120504;20120504;2;10;3;3;0;0;C116
20120601;20120602;20120605;5;6;1;4;1;3;C117
20120701;20120716;20120718;4;8;15;17;1;2;C118
20120801;20120805;20120805;5;10;4;4;0;0;C119
20120901;20120919;20120920;3;5;18;19;1;1;C120
20121001;20121019;20121022;2;10;18;21;1;3;C121
20121101;20121113;20121114;1;4;12;13;1;1;C122
20121201;20121217;20121217;1;9;16;16;0;0;C123
20130101;20130117;20130117;5;3;16;16;0;0;C100
20130201;20130215;20130215;5;7;14;14;0;0;C101
20130301;20130314;20130314;4;8;13;13;0;0;C102
20130401;20130420;20130421;4;7;19;20;1;1;C103
20130501;20130519;20130519;5;3;18;18;0;0;C104
20130601;20130613;20130613;4;10;12;12;0;0;C105
20130701;20130721;20130721;4;8;20;20;0;0;C106
20130801;20130811;20130812;1;3;10;11;1;1;C107
20130901;20130918;20130922;1;8;17;21;1;4;C108
20131001;20131008;20131010;5;1;7;9;1;2;C109
20131101;20131104;20131105;3;3;3;4;1;1;C110
20131201;20131216;20131218;3;3;15;17;1;2;C111
20120101;20120115;20120115;3;7;14;14;0;0;C112
20120201;20120203;20120207;3;1;2;6;1;4;C113
20120301;20120311;20120311;1;5;10;10;0;0;C114
20120401;20120402;20120402;5;9;1;1;0;0;C115
20120501;20120515;20120515;2;7;14;14;0;0;C116
20120601;20120613;20120613;1;10;12;12;0;0;C117
20120701;20120709;20120709;4;6;8;8;0;0;C118
20120801;20120815;20120815;5;10;14;14;0;0;C119
20120901;20120909;20120910;2;8;8;9;1;1;C120
20121001;20121014;20121014;4;5;13;13;0;0;C121
20121101;20121102;20121104;4;8;1;3;1;2;C122
20121201;20121217;20121217;1;9;16;16;0;0;C123
20130101;20130104;20130105;5;6;3;4;1;1;C100
20130201;20130211;20130211;2;4;10;10;0;0;C101
20130301;20130315;20130316;4;2;14;15;1;1;C102
20130401;20130418;20130418;3;8;17;17;0;0;C103
20130501;20130510;20130513;2;4;9;12;1;3;C104
20130601;20130612;20130613;1;10;11;12;1;1;C105
20130701;20130718;20130718;2;6;17;17;0;0;C106
20130801;20130807;20130807;5;7;6;6;0;0;C107
20130901;20130906;20130906;3;1;5;5;0;0;C108
20131001;20131018;20131018;4;7;17;17;0;0;C109
20131101;20131121;20131122;2;8;20;21;1;1;C110
20131201;20131216;20131217;4;1;15;16;1;1;C111
20120101;20120108;20120108;4;6;7;7;0;0;C112
20120201;20120218;20120219;3;5;17;18;1;1;C113
20120301;20120313;20120315;3;7;12;14;1;2;C114
20120401;20120402;20120404;5;10;1;3;1;2;C115
20120501;20120508;20120510;5;10;7;9;1;2;C116
20120601;20120613;20120613;3;10;12;12;0;0;C117
20120701;20120716;20120716;2;2;15;15;0;0;C118
20120801;20120818;20120818;1;6;17;17;0;0;C119
20120901;20120904;20120904;5;9;3;3;0;0;C120
20121001;20121017;20121019;4;2;16;18;1;2;C121
20121101;20121121;20121121;5;9;20;20;0;0;C122
20121201;20121215;20121215;4;6;14;14;0;0;C123
